[{"abv":1.0,"appearance":0.2383223475,"aroma":0.2984223616,"overall":0.2107427754,"palate":0.2556284987,"rating":0.2878553978,"taste":0.2623617927},{"abv":0.2383223475,"appearance":1.0,"aroma":0.5289257385,"overall":0.5349381698,"palate":0.5606760614,"rating":0.620511809,"taste":0.5235085377},{"abv":0.2984223616,"appearance":0.5289257385,"aroma":1.0,"overall":0.7208347921,"palate":0.6335123842,"rating":0.8702517602,"taste":0.7550679712},{"abv":0.2107427754,"appearance":0.5349381698,"aroma":0.7208347921,"overall":1.0,"palate":0.7559305854,"rating":0.9178983085,"taste":0.8520679119},{"abv":0.2556284987,"appearance":0.5606760614,"aroma":0.6335123842,"overall":0.7559305854,"palate":1.0,"rating":0.8216226103,"taste":0.746970396},{"abv":0.2878553978,"appearance":0.620511809,"aroma":0.8702517602,"overall":0.9178983085,"palate":0.8216226103,"rating":1.0,"taste":0.9592607431},{"abv":0.2623617927,"appearance":0.5235085377,"aroma":0.7550679712,"overall":0.8520679119,"palate":0.746970396,"rating":0.9592607431,"taste":1.0}]